25
950 0
1 1
4 1
0 1
25 2
6 1
750 0
3 1
4 1
16 2
1200 0
1 1
5 1
500 0
3 1
36 2
500 0
1 1
0 1
3 1
0 1
5 1
6 1
1 1
2 1
0 1
4 1
0 1
6 1
1 1
2 1
3 1
4 1
5 1
0 1
14 2
16 2
1 1
2 1
3 1
4 1
5 1
6 1
1 1
1 1
6 1
6 1
4 1
4 1
2 1
2 1
14 2
36 2
25 2
14 2
25 2
36 2
14 2
25 2
1 1
56 2
6 1
23 2
4 1
12 2
3 1
56 2
2 1
34 2
5 1
45 2
0 1
1 1
2 1
3 1
23 2
3 1
4 1
34 2
5 1
4 1
45 2
4 1
3 1
34 2
1 1
2 1
45 2
2 1
3 1
56 2
56 2
5 1
56 2
6 1
56 2
45 2
4 1
2 1
12 2
1 1
12 2
23 2
3 1
5 1
6 1
5 1
4 1
5 1
56 2
6 1
56 2
5 1
2 1
1 1
2 1
3 1
2 1
12 2
1 1
12 2
2 1
3 1
2 1
12 2
1 1
4 1
5 1
56 2
6 1
5 1
45 2
4 1
1 1
2 1
23 2
3 1
34 2
25 2