22
2 1
0 1
5 1
0 1
3 1
0 1
4 1
6 1
1 1
0 1
6 1
1 1
5 1
4 1
34 2
0 1
16 2
0 1

3 1
0 1
4 1
34 2
16 2
0 1
6 1
1 1
5 1
0 1
2 1
0 1
25 2
0 0
14 2
36 2
1 1
2 1
6 1
5 1
34 2
25 2
16 2
34 2
3 1
2 1
4 1
5 1
25 2
34 2
25 2
16 2
0 1
0 1
3 1
5 1
2 1
4 1
25 2
34 2
3 1
1 1
2 1
3 1
4 1
6 1
5 1
4 1
2 1
5 1
34 2
25 2
25 0
16 2
34 2
34 0
1 1
2 1
3 1
6 1
5 1
4 1
34 2
34 0
1 1
2 1
3 1
6 1
5 1
4 1
25 0
16 2
6 1
5 1
4 1
1 1
2 1
3 1
25 0
34 2
3 1
2 1
1 1
4 1
5 1
6 1
34 0
25 2
3 1
6 1
5 1
5 1
4 1
1 1
2 1
2 1
34 2
34 2
25 2
25 2
16 2
6 1
5 1
34 2
1 1
2 1
3 1
34 2
1 1
2 1
3 1
6 1
5 1
4 1
4 1
3 1
34 2
0 1
3 1
1 1
4 1
6 1
1 1
2 1
3 1
6 1
5 1
4 1
25 2
34 2
25 2
34 2
0 1
0 1
0 1